0 0.842772 0.770694 0.112563 0.136166
1 0.139068 0.162850 0.238926 0.162311
0 0.328974 0.167208 0.091503 0.171026
0 0.512343 0.779953 0.119826 0.154685
0 0.627085 0.779409 0.084968 0.199345
0 0.721493 0.751631 0.111112 0.156862
0 0.883440 0.349670 0.100943 0.137255
0 0.762888 0.359473 0.108208 0.156862
0 0.635800 0.342589 0.077707 0.171024
0 0.546475 0.352938 0.076252 0.172115
0 0.222584 0.788124 0.135803 0.142702
0 0.454246 0.340955 0.080611 0.180827
0 0.357296 0.346402 0.078432 0.178650
0 0.898691 0.535944 0.122730 0.119825
0 0.267245 0.356750 0.090050 0.186274
0 0.169206 0.349124 0.075528 0.184095
0 0.864195 0.178101 0.076979 0.181918
0 0.759256 0.166664 0.109659 0.137255
0 0.781769 0.558276 0.084968 0.175383
0 0.673926 0.557732 0.090050 0.189542
0 0.523963 0.571348 0.119826 0.149238
0 0.389249 0.574071 0.088599 0.172112
0 0.290848 0.573526 0.086419 0.199348
0 0.189540 0.563178 0.090050 0.185186
0 0.624544 0.165574 0.106027 0.167759
0 0.426650 0.155226 0.083515 0.171024
0 0.520695 0.165030 0.082787 0.199348
0 0.368552 0.788668 0.121279 0.106754
