0 0.667753 0.383983 0.073348 0.179739
0 0.761436 0.387796 0.074801 0.189542
0 0.836598 0.399779 0.072622 0.206972
0 0.917572 0.387251 0.090776 0.192810
0 0.294478 0.608929 0.079158 0.185186
0 0.361290 0.620912 0.064632 0.196080
0 0.425924 0.606206 0.074801 0.208063
0 0.518517 0.610018 0.072622 0.178650
0 0.636460 0.803704 0.046954 0.166196
0 0.699073 0.832441 0.080133 0.181175
0 0.381988 0.832240 0.076979 0.204793
0 0.800288 0.809364 0.062455 0.189542
0 0.888523 0.822982 0.108206 0.208060
0 0.521058 0.827338 0.057371 0.188454
0 0.307188 0.836053 0.068265 0.208060
0 0.910310 0.602392 0.067538 0.193901
0 0.837688 0.603482 0.083515 0.172115
0 0.763977 0.598580 0.078432 0.190630
0 0.692808 0.587687 0.076977 0.201527
0 0.609657 0.607295 0.084968 0.212419
1 0.345676 0.169931 0.335512 0.222223
0 0.229119 0.411762 0.077707 0.196078
0 0.324254 0.396511 0.099492 0.189542
0 0.209511 0.631804 0.083515 0.191721
0 0.242191 0.797927 0.064634 0.155773
0 0.570441 0.169931 0.067538 0.185186
0 0.641610 0.186272 0.087872 0.202613
0 0.727303 0.178102 0.086421 0.210240
0 0.852938 0.175923 0.073348 0.210240
0 0.946984 0.184092 0.091503 0.213508
0 0.424471 0.388342 0.071895 0.179739
0 0.506171 0.400867 0.068265 0.196078
0 0.598401 0.383984 0.075526 0.201525
