0 0.611472 0.773416 0.110386 0.115469
0 0.612198 0.584964 0.113290 0.148149
0 0.838414 0.399778 0.105302 0.100218
1 0.286127 0.161216 0.209151 0.132896
0 0.861290 0.781041 0.114743 0.113289
0 0.856570 0.606206 0.122730 0.153596
0 0.458966 0.198798 0.106029 0.151417
0 0.637252 0.199887 0.127087 0.153594
0 0.838415 0.182458 0.135803 0.177562
0 0.259619 0.361653 0.114016 0.156862
0 0.260346 0.570257 0.140160 0.162309
0 0.246548 0.768514 0.151778 0.149238
0 0.446984 0.397600 0.140160 0.187365
0 0.450615 0.610019 0.132897 0.193901
0 0.426286 0.783765 0.117647 0.118737
0 0.612924 0.402501 0.101670 0.118737
