0 0.498908 0.688995 0.061002 0.096950
0 0.571167 0.146510 0.077705 0.068629
0 0.672110 0.131805 0.073348 0.102398
0 0.775960 0.143242 0.076252 0.118737
0 0.285038 0.360018 0.054465 0.118737
0 0.385619 0.348036 0.071169 0.110022
0 0.501450 0.354027 0.044298 0.102398
0 0.608204 0.372546 0.089325 0.115469
0 0.720041 0.364921 0.061728 0.104577
0 0.827884 0.360563 0.043574 0.111110
0 0.286490 0.498906 0.082064 0.078432
0 0.346403 0.552829 0.072622 0.064273
0 0.441537 0.529953 0.074073 0.107842
0 0.545386 0.558820 0.069716 0.056643
0 0.655409 0.576249 0.074801 0.100218
0 0.755989 0.568079 0.069718 0.094774
0 0.868915 0.533221 0.076254 0.125272
0 0.282859 0.677012 0.066085 0.083879
0 0.398691 0.683004 0.061002 0.074073
0 0.607478 0.687905 0.087872 0.094771
0 0.708059 0.691173 0.084242 0.083877
0 0.827884 0.682458 0.079885 0.083877
1 0.334783 0.134508 0.368919 0.227670
