0 0.802467 0.812088 0.059549 0.133987
0 0.877630 0.821347 0.083515 0.150329
1 0.486562 0.173743 0.244009 0.166668
0 0.496004 0.799561 0.076979 0.113292
0 0.877267 0.659582 0.090050 0.101309
0 0.377267 0.811544 0.050110 0.154682
0 0.442264 0.860018 0.071169 0.077341
0 0.668117 0.143786 0.090052 0.113289
0 0.754536 0.171565 0.066812 0.127452
0 0.823165 0.167208 0.077705 0.112201
0 0.904500 0.169930 0.055918 0.145970
0 0.387797 0.354572 0.055192 0.155776
0 0.453520 0.355661 0.066085 0.131808
0 0.522510 0.357839 0.058824 0.157953
0 0.587143 0.348580 0.051561 0.141611
0 0.650688 0.345857 0.053739 0.164488
0 0.716410 0.342043 0.051563 0.143790
0 0.787943 0.337143 0.079883 0.112201
0 0.863469 0.334964 0.065361 0.147061
0 0.377993 0.510889 0.050110 0.132899
0 0.435001 0.513068 0.043572 0.139434
0 0.505445 0.522873 0.072620 0.150326
0 0.571893 0.507623 0.071897 0.106754
0 0.646694 0.520694 0.055920 0.141614
0 0.719679 0.499997 0.084242 0.115469
0 0.787579 0.487469 0.066085 0.123095
0 0.859838 0.500541 0.068265 0.138346
0 0.926286 0.506532 0.048657 0.154685
0 0.392518 0.661216 0.084968 0.108930
0 0.484021 0.666118 0.071897 0.114380
0 0.561362 0.670475 0.071169 0.123095
0 0.644152 0.665574 0.065359 0.117645
0 0.721131 0.672109 0.061004 0.148147
0 0.792300 0.649234 0.059549 0.143790
0 0.574071 0.822437 0.068991 0.137255
0 0.643062 0.814266 0.087874 0.112201
0 0.734565 0.819713 0.073348 0.131808
