0 0.604935 0.555007 0.065359 0.168844
0 0.783948 0.557186 0.074801 0.144879
0 0.891791 0.556098 0.087146 0.088235
0 0.450978 0.688994 0.091503 0.118737
0 0.564267 0.700432 0.097313 0.108930
0 0.704791 0.177557 0.098041 0.071897
1 0.522874 0.196619 0.241103 0.164488
0 0.826069 0.177557 0.093682 0.084968
0 0.919025 0.189539 0.064634 0.139434
0 0.437543 0.376358 0.048657 0.136164
0 0.494551 0.379081 0.058096 0.143793
0 0.563904 0.368188 0.053014 0.141614
0 0.632895 0.371456 0.061728 0.148149
0 0.696076 0.361107 0.055920 0.171024
0 0.750542 0.352938 0.041394 0.163397
0 0.819896 0.368734 0.068265 0.157953
0 0.906316 0.380170 0.071169 0.152505
0 0.435001 0.554463 0.075526 0.143790
0 0.518153 0.534309 0.080609 0.125272
0 0.687724 0.560998 0.061002 0.161220
