0 0.753085 0.411216 0.030501 0.088235
0 0.502177 0.081696 0.028323 0.050110
0 0.503992 0.150867 0.042121 0.055555
0 0.545023 0.067534 0.045751 0.063182
0 0.551196 0.151957 0.031954 0.075164
0 0.624908 0.145966 0.054467 0.071894
0 0.679737 0.115465 0.055192 0.056646
0 0.750179 0.137796 0.050835 0.062091
0 0.851487 0.094768 0.037037 0.078432
0 0.254900 0.270694 0.050835 0.112201
0 0.330063 0.267426 0.048657 0.112201
0 0.403048 0.271783 0.045025 0.105663
0 0.478938 0.272328 0.047204 0.095862
0 0.552648 0.276140 0.047929 0.096950
0 0.620912 0.270694 0.047931 0.116560
0 0.673926 0.286488 0.047931 0.087147
0 0.750179 0.271782 0.050835 0.094771
0 0.826070 0.275595 0.058824 0.091503
0 0.265430 0.411216 0.045753 0.101307
0 0.335147 0.394876 0.048657 0.083879
0 0.403774 0.399778 0.039215 0.089324
0 0.457513 0.406313 0.046478 0.106754
0 0.529046 0.400867 0.051563 0.111110
0 0.602757 0.410672 0.047931 0.089324
0 0.675015 0.405770 0.042847 0.096950
0 0.823890 0.406315 0.061728 0.071897
0 0.260709 0.540846 0.047931 0.090415
0 0.271240 0.655225 0.047204 0.101307
0 0.289758 0.789212 0.036311 0.083877
0 0.326795 0.529953 0.034858 0.088235
0 0.337325 0.674833 0.060275 0.081697
0 0.366737 0.760346 0.039217 0.076253
0 0.383440 0.535400 0.037764 0.107842
0 0.457513 0.534855 0.046478 0.093680
0 0.454972 0.655225 0.063181 0.090412
0 0.461508 0.789758 0.047204 0.084968
0 0.529409 0.537034 0.045025 0.104574
0 0.551196 0.658494 0.045025 0.090415
0 0.540665 0.794115 0.034133 0.113289
0 0.518153 0.912305 0.035584 0.094771
0 0.629991 0.530498 0.048657 0.091503
0 0.629627 0.662850 0.042121 0.096950
0 0.608567 0.797383 0.037762 0.089324
0 0.582786 0.910671 0.038490 0.067538
0 0.628174 0.912306 0.039215 0.072985
0 0.682641 0.815900 0.039215 0.098039
0 0.705154 0.904137 0.046478 0.056646
0 0.755626 0.904137 0.037038 0.065358
0 0.825342 0.890519 0.050110 0.064270
0 0.782496 0.804463 0.037037 0.094771
0 0.842046 0.801195 0.067540 0.077341
0 0.682277 0.659037 0.037037 0.082788
0 0.700434 0.531587 0.042847 0.102398
0 0.751994 0.532676 0.031227 0.087147
0 0.828248 0.528863 0.038490 0.090415
0 0.753810 0.667752 0.043572 0.100218
0 0.823527 0.653046 0.036311 0.088235
1 0.345674 0.118734 0.246916 0.145970
