0 0.211690 0.312088 0.057371 0.153594
0 0.751994 0.653591 0.074801 0.156864
0 0.821348 0.641610 0.075526 0.174291
0 0.834420 0.821891 0.053739 0.153594
0 0.725125 0.838777 0.082064 0.183006
0 0.605663 0.836053 0.069716 0.147058
0 0.496730 0.863831 0.075526 0.193901
0 0.399054 0.859473 0.086419 0.156862
0 0.301015 0.875814 0.073348 0.159041
0 0.211326 0.845857 0.068263 0.129628
0 0.240375 0.497817 0.049382 0.167756
0 0.292300 0.499452 0.054467 0.155773
0 0.344588 0.503264 0.058824 0.154685
0 0.402685 0.507077 0.053014 0.153594
0 0.453156 0.504353 0.059549 0.169935
0 0.501087 0.506533 0.055192 0.169935
0 0.558095 0.506533 0.058824 0.163400
0 0.614377 0.502175 0.063908 0.156862
0 0.673926 0.502175 0.047931 0.130719
0 0.738196 0.469496 0.058824 0.165577
0 0.812997 0.468407 0.084968 0.172115
0 0.210600 0.686270 0.081336 0.178650
0 0.293752 0.696619 0.060277 0.194989
0 0.367826 0.685180 0.055918 0.183006
0 0.430644 0.673199 0.050835 0.161220
0 0.477848 0.681914 0.053739 0.165579
0 0.533041 0.679190 0.047931 0.168844
0 0.584965 0.685182 0.066087 0.139432
0 0.672474 0.663940 0.072620 0.149238
0 0.476758 0.147600 0.060277 0.162311
0 0.525052 0.112197 0.052288 0.141614
0 0.584602 0.143242 0.063906 0.186274
0 0.662307 0.137252 0.066812 0.183006
0 0.721131 0.151413 0.061004 0.172115
0 0.781770 0.138342 0.063181 0.161220
0 0.841319 0.130171 0.054467 0.173203
0 0.269424 0.313723 0.050835 0.152505
0 0.321349 0.316989 0.060277 0.154685
0 0.392881 0.335508 0.063908 0.185186
0 0.453883 0.338231 0.053739 0.160132
0 0.502540 0.324071 0.052288 0.157953
0 0.553737 0.328428 0.050108 0.175380
0 0.627086 0.320801 0.051561 0.149238
0 0.694987 0.315901 0.075526 0.163397
0 0.772328 0.303918 0.066087 0.165579
0 0.840956 0.305552 0.063906 0.162311
0 0.186272 0.507077 0.066087 0.177559
1 0.301015 0.144876 0.285402 0.196078
