0 0.828974 0.589863 0.093682 0.162301
0 0.250542 0.769060 0.081336 0.215684
0 0.353302 0.770150 0.077707 0.172115
0 0.437543 0.773961 0.089325 0.173203
0 0.522874 0.773417 0.101670 0.178650
0 0.618734 0.767970 0.069716 0.178650
0 0.727667 0.777773 0.092956 0.167756
0 0.833694 0.791936 0.110384 0.187363
1 0.344588 0.187908 0.307189 0.221129
0 0.732751 0.599670 0.098766 0.186274
0 0.906679 0.611653 0.060277 0.123095
0 0.290847 0.567535 0.054467 0.163400
0 0.237834 0.570257 0.068991 0.166668
0 0.868552 0.389974 0.072622 0.178650
0 0.797383 0.404681 0.059551 0.162309
0 0.739649 0.405225 0.061730 0.161220
0 0.672838 0.392698 0.077705 0.160132
0 0.602757 0.393788 0.065359 0.171024
0 0.533767 0.392152 0.066812 0.165577
0 0.463324 0.392698 0.072622 0.168844
0 0.378719 0.397055 0.071897 0.162311
0 0.313723 0.391608 0.066810 0.175383
0 0.535219 0.189538 0.065359 0.191721
0 0.598400 0.194985 0.065359 0.185186
0 0.870368 0.196075 0.071897 0.172112
0 0.738922 0.198253 0.073348 0.180827
0 0.236381 0.394332 0.077705 0.172112
0 0.807550 0.200432 0.074073 0.185186
0 0.672837 0.195531 0.074801 0.181918
0 0.344950 0.581696 0.065359 0.180827
0 0.402321 0.587142 0.062455 0.169935
0 0.461509 0.565901 0.053014 0.166668
0 0.527594 0.586053 0.074801 0.176471
0 0.603121 0.580607 0.079158 0.185186
0 0.659766 0.582241 0.058824 0.181918
