0 0.886345 0.460781 0.086419 0.270151
0 0.764703 0.193351 0.091503 0.260350
0 0.859112 0.181914 0.108931 0.235294
0 0.344224 0.488013 0.114741 0.241829
0 0.453520 0.497818 0.112565 0.252721
0 0.567173 0.495640 0.108933 0.259259
0 0.691719 0.501631 0.099490 0.251635
0 0.801015 0.492916 0.101670 0.240741
0 0.288305 0.721674 0.104574 0.208063
0 0.383440 0.753809 0.088597 0.274510
0 0.466228 0.732023 0.074073 0.224402
0 0.566809 0.755987 0.096586 0.241829
0 0.659038 0.758711 0.083515 0.245100
0 0.789758 0.744550 0.083515 0.258168
0 0.896149 0.744006 0.107480 0.287581
1 0.483658 0.197159 0.429919 0.291948
