0 0.440085 0.599126 0.087146 0.211328
0 0.523599 0.597491 0.081336 0.234205
0 0.616919 0.603482 0.108206 0.217864
0 0.712053 0.577884 0.096588 0.247276
0 0.800652 0.583875 0.093682 0.211328
0 0.245459 0.812089 0.098766 0.210240
0 0.342046 0.812088 0.098764 0.236385
0 0.446984 0.826794 0.118375 0.217866
0 0.588959 0.807186 0.087146 0.204793
0 0.694624 0.836052 0.124183 0.247276
0 0.813723 0.820803 0.089325 0.245097
1 0.360203 0.179193 0.267245 0.153591
0 0.548655 0.137796 0.098039 0.227667
0 0.648146 0.161216 0.082064 0.230935
0 0.746548 0.155225 0.097313 0.236382
0 0.854391 0.170475 0.098039 0.247276
0 0.254899 0.392698 0.100219 0.201527
0 0.346404 0.394332 0.087146 0.224402
0 0.437543 0.389429 0.095133 0.201525
0 0.527957 0.360018 0.095860 0.197169
0 0.615466 0.381804 0.086421 0.216775
0 0.730208 0.382895 0.114016 0.190633
0 0.830789 0.389430 0.120551 0.197169
0 0.260347 0.614919 0.086419 0.218955
0 0.353302 0.608929 0.093684 0.189545
