0 0.783222 0.734201 0.122730 0.259259
1 0.453883 0.223308 0.315180 0.185183
0 0.681915 0.179735 0.124910 0.235294
0 0.793753 0.180279 0.091503 0.247276
0 0.894334 0.193897 0.105302 0.259259
0 0.354027 0.511979 0.103849 0.248365
0 0.476033 0.496728 0.098039 0.224399
0 0.594043 0.494005 0.101670 0.229846
0 0.691719 0.495094 0.093682 0.238561
0 0.795568 0.481478 0.119826 0.252724
0 0.306824 0.743460 0.074801 0.234205
0 0.414304 0.741827 0.115469 0.254903
0 0.541029 0.744006 0.108933 0.237473
0 0.658313 0.733657 0.118375 0.240741
