0 0.563179 0.341501 0.080611 0.214596
1 0.402712 0.126887 0.256354 0.157918
0 0.804283 0.794659 0.100943 0.247276
0 0.648508 0.801195 0.098766 0.177562
0 0.481480 0.825160 0.162672 0.129631
0 0.301014 0.816445 0.092229 0.201527
0 0.671021 0.340955 0.087146 0.224399
0 0.807550 0.334419 0.092956 0.222223
0 0.322437 0.587687 0.085693 0.201527
0 0.463323 0.578974 0.088597 0.218955
0 0.575887 0.580062 0.082787 0.216778
0 0.312634 0.351304 0.079158 0.218955
0 0.426287 0.344767 0.111837 0.223311
0 0.718226 0.593134 0.135075 0.138343
