0 0.530499 0.490737 0.093682 0.216775
0 0.693897 0.245638 0.082062 0.184095
0 0.819169 0.245638 0.107480 0.273421
0 0.302467 0.485835 0.096586 0.206972
0 0.415031 0.484745 0.070442 0.180827
0 0.660128 0.508712 0.076977 0.244009
0 0.771239 0.473852 0.076979 0.183006
0 0.317717 0.720039 0.092231 0.222223
0 0.418298 0.761435 0.062455 0.217864
0 0.503629 0.742371 0.054467 0.188454
0 0.576251 0.742371 0.071895 0.212419
0 0.710237 0.744550 0.069716 0.184095
0 0.789758 0.748908 0.082062 0.227670
1 0.443353 0.223852 0.385621 0.229849
