0 0.525416 0.624180 0.074801 0.132896
0 0.296657 0.401413 0.079158 0.149238
0 0.563905 0.405769 0.103849 0.131808
0 0.688814 0.381259 0.070444 0.143790
0 0.291573 0.604572 0.064634 0.111110
0 0.409583 0.398144 0.074073 0.157953
0 0.789395 0.524506 0.047931 0.068629
0 0.797746 0.775595 0.061728 0.156864
1 0.443355 0.150318 0.395797 0.250544
0 0.649598 0.806096 0.084968 0.135075
0 0.686999 0.604572 0.056645 0.163400
0 0.288305 0.799015 0.065361 0.131808
0 0.411763 0.622000 0.098766 0.106754
0 0.411399 0.764158 0.047205 0.092594
0 0.527593 0.787034 0.037037 0.068626
